UE Id		Peers list		Range Extender list
Time = 0.000000
5		6,		6,
6		5,7,8,		5,7,8,
7		6,8,9,		6,8,9,
8		6,7,9,		6,7,9,
9		7,8,		7,8,


Time = 50000.000000
5		6,		6,
6		5,7,8,		5,7,8,
7		6,8,9,		6,8,9,
8		6,7,9,		6,7,9,
9		7,8,		7,8,


Time = 100000.000000
5		6,		6,
6		5,7,8,		5,7,8,
7		6,8,9,		6,8,9,
8		6,7,9,		6,7,9,
9		7,8,		7,8,


Time = 150000.000000
5		6,		6,
6		5,7,8,		5,7,8,
7		6,8,9,		6,8,9,
8		6,7,9,		6,7,9,
9		7,8,		7,8,


Time = 200000.000000
5		6,		6,
6		5,7,8,		5,7,8,
7		6,8,9,		6,8,9,
8		6,7,9,		6,7,9,
9		7,8,		7,8,


Time = 250000.000000
5		6,		6,
6		5,7,8,		5,7,8,
7		6,8,9,		6,8,9,
8		6,7,9,		6,7,9,
9		7,8,		7,8,


Time = 300000.000000
5		6,		6,
6		5,7,8,		5,7,8,
7		6,8,9,		6,8,9,
8		6,7,9,		6,7,9,
9		7,8,		7,8,


Time = 350000.000000
5		6,		6,
6		5,7,8,		5,7,8,
7		6,8,9,		6,8,9,
8		6,7,9,		6,7,9,
9		7,8,		7,8,


Time = 400000.000000
5		6,		6,
6		5,7,8,		5,7,8,
7		6,8,9,		6,8,9,
8		6,7,9,		6,7,9,
9		7,8,		7,8,


Time = 450000.000000
5		6,		6,
6		5,7,8,		5,7,8,
7		6,8,9,		6,8,9,
8		6,7,9,		6,7,9,
9		7,8,		7,8,


Time = 500000.000000
5		6,		6,
6		5,7,8,		5,7,8,
7		6,8,9,		6,8,9,
8		6,7,9,		6,7,9,
9		7,8,		7,8,


Time = 550000.000000
5		6,		6,
6		5,7,8,		5,7,8,
7		6,8,9,		6,8,9,
8		6,7,9,		6,7,9,
9		7,8,		7,8,


Time = 600000.000000
5		6,		6,
6		5,7,8,		5,7,8,
7		6,8,9,		6,8,9,
8		6,7,9,		6,7,9,
9		7,8,		7,8,


Time = 650000.000000
5		6,		6,
6		5,7,8,		5,7,8,
7		6,8,9,		6,8,9,
8		6,7,9,		6,7,9,
9		7,8,		7,8,


Time = 700000.000000
5		6,		6,
6		5,7,8,		5,7,8,
7		6,8,9,		6,8,9,
8		6,7,9,		6,7,9,
9		7,8,		7,8,


Time = 750000.000000
5		6,		6,
6		5,7,8,		5,7,8,
7		6,8,9,		6,8,9,
8		6,7,9,		6,7,9,
9		7,8,		7,8,


Time = 800000.000000
5		6,		6,
6		5,7,8,		5,7,8,
7		6,8,9,		6,8,9,
8		6,7,9,		6,7,9,
9		7,8,		7,8,


Time = 850000.000000
5		6,		6,
6		5,7,8,		5,7,8,
7		6,8,9,		6,8,9,
8		6,7,9,		6,7,9,
9		7,8,		7,8,


Time = 900000.000000
5		6,		6,
6		5,7,8,		5,7,8,
7		6,8,9,		6,8,9,
8		6,7,9,		6,7,9,
9		7,8,		7,8,


Time = 950000.000000
5		6,		6,
6		5,7,8,		5,7,8,
7		6,8,9,		6,8,9,
8		6,7,9,		6,7,9,
9		7,8,		7,8,


Time = 1000000.000000
5		6,		6,
6		5,7,8,		5,7,8,
7		6,8,9,		6,8,9,
8		6,7,9,		6,7,9,
9		7,8,		7,8,


Time = 1050000.000000
5		6,		6,
6		5,7,8,		5,7,8,
7		6,8,9,		6,8,9,
8		6,7,9,		6,7,9,
9		7,8,		7,8,


Time = 1100000.000000
5		6,		6,
6		5,7,8,		5,7,8,
7		6,8,9,		6,8,9,
8		6,7,9,		6,7,9,
9		7,8,		7,8,


Time = 1150000.000000
5		6,		6,
6		5,7,8,		5,7,8,
7		6,8,9,		6,8,9,
8		6,7,9,		6,7,9,
9		7,8,		7,8,


Time = 1200000.000000
5		6,		6,
6		5,7,8,		5,7,8,
7		6,8,9,		6,8,9,
8		6,7,9,		6,7,9,
9		7,8,		7,8,


Time = 1250000.000000
5		6,		6,
6		5,7,8,		5,7,8,
7		6,8,9,		6,8,9,
8		6,7,9,		6,7,9,
9		7,8,		7,8,


Time = 1300000.000000
5		6,		6,
6		5,7,8,		5,7,8,
7		6,8,9,		6,8,9,
8		6,7,9,		6,7,9,
9		7,8,		7,8,


Time = 1350000.000000
5		6,		6,
6		5,7,8,		5,7,8,
7		6,8,9,		6,8,9,
8		6,7,9,		6,7,9,
9		7,8,		7,8,


Time = 1400000.000000
5		6,		6,
6		5,7,8,		5,7,8,
7		6,8,9,		6,8,9,
8		6,7,9,		6,7,9,
9		7,8,		7,8,


Time = 1450000.000000
5		6,		6,
6		5,7,8,		5,7,8,
7		6,8,9,		6,8,9,
8		6,7,9,		6,7,9,
9		7,8,		7,8,


Time = 1500000.000000
5		6,		6,
6		5,7,8,		5,7,8,
7		6,8,9,		6,8,9,
8		6,7,9,		6,7,9,
9		7,8,		7,8,


Time = 1550000.000000
5		6,		6,
6		5,7,8,		5,7,8,
7		6,8,9,		6,8,9,
8		6,7,9,		6,7,9,
9		7,8,		7,8,


Time = 1600000.000000
5		6,		6,
6		5,7,8,		5,7,8,
7		6,8,9,		6,8,9,
8		6,7,9,		6,7,9,
9		7,8,		7,8,


Time = 1650000.000000
5		6,		6,
6		5,7,8,		5,7,8,
7		6,8,9,		6,8,9,
8		6,7,9,		6,7,9,
9		7,8,		7,8,


Time = 1700000.000000
5		6,		6,
6		5,7,8,		5,7,8,
7		6,8,9,		6,8,9,
8		6,7,9,		6,7,9,
9		7,8,		7,8,


Time = 1750000.000000
5		6,		6,
6		5,7,8,		5,7,8,
7		6,8,9,		6,8,9,
8		6,7,9,		6,7,9,
9		7,8,		7,8,


Time = 1800000.000000
5		6,		6,
6		5,7,8,		5,7,8,
7		6,8,9,		6,8,9,
8		6,7,9,		6,7,9,
9		7,8,		7,8,


Time = 1850000.000000
5		6,		6,
6		5,7,8,		5,7,8,
7		6,8,9,		6,8,9,
8		6,7,9,		6,7,9,
9		7,8,		7,8,


Time = 1900000.000000
5		6,		6,
6		5,7,8,		5,7,8,
7		6,8,9,		6,8,9,
8		6,7,9,		6,7,9,
9		7,8,		7,8,


Time = 1950000.000000
5		6,		6,
6		5,7,8,		5,7,8,
7		6,8,9,		6,8,9,
8		6,7,9,		6,7,9,
9		7,8,		7,8,


Time = 2000000.000000
5		6,		6,
6		5,7,8,		5,7,8,
7		6,8,9,		6,8,9,
8		6,7,9,		6,7,9,
9		7,8,		7,8,


Time = 2050000.000000
5		6,		6,
6		5,7,8,		5,7,8,
7		6,8,9,		6,8,9,
8		6,7,9,		6,7,9,
9		7,8,		7,8,


Time = 2100000.000000
5		6,		6,
6		5,7,8,		5,7,8,
7		6,8,9,		6,8,9,
8		6,7,9,		6,7,9,
9		7,8,		7,8,


Time = 2150000.000000
5		6,		6,
6		5,7,8,		5,7,8,
7		6,8,9,		6,8,9,
8		6,7,9,		6,7,9,
9		7,8,		7,8,


Time = 2200000.000000
5		6,		6,
6		5,7,8,		5,7,8,
7		6,8,9,		6,8,9,
8		6,7,9,		6,7,9,
9		7,8,		7,8,


Time = 2250000.000000
5		6,		6,
6		5,7,8,		5,7,8,
7		6,8,9,		6,8,9,
8		6,7,9,		6,7,9,
9		7,8,		7,8,


Time = 2300000.000000
5		6,		6,
6		5,7,8,		5,7,8,
7		6,8,9,		6,8,9,
8		6,7,9,		6,7,9,
9		7,8,		7,8,


Time = 2350000.000000
5		6,		6,
6		5,7,8,		5,7,8,
7		6,8,9,		6,8,9,
8		6,7,9,		6,7,9,
9		7,8,		7,8,


Time = 2400000.000000
5		6,		6,
6		5,7,8,		5,7,8,
7		6,8,9,		6,8,9,
8		6,7,9,		6,7,9,
9		7,8,		7,8,


Time = 2450000.000000
5		6,		6,
6		5,7,8,		5,7,8,
7		6,8,9,		6,8,9,
8		6,7,9,		6,7,9,
9		7,8,		7,8,


Time = 2500000.000000
5		6,		6,
6		5,7,8,		5,7,8,
7		6,8,9,		6,8,9,
8		6,7,9,		6,7,9,
9		7,8,		7,8,


Time = 2550000.000000
5		6,		6,
6		5,7,8,		5,7,8,
7		6,8,9,		6,8,9,
8		6,7,9,		6,7,9,
9		7,8,		7,8,


Time = 2600000.000000
5		6,		6,
6		5,7,8,		5,7,8,
7		6,8,9,		6,8,9,
8		6,7,9,		6,7,9,
9		7,8,		7,8,


Time = 2650000.000000
5		6,		6,
6		5,7,8,		5,7,8,
7		6,8,9,		6,8,9,
8		6,7,9,		6,7,9,
9		7,8,		7,8,


Time = 2700000.000000
5		6,		6,
6		5,7,8,		5,7,8,
7		6,8,9,		6,8,9,
8		6,7,9,		6,7,9,
9		7,8,		7,8,


Time = 2750000.000000
5		6,		6,
6		5,7,8,		5,7,8,
7		6,8,9,		6,8,9,
8		6,7,9,		6,7,9,
9		7,8,		7,8,


Time = 2800000.000000
5		6,		6,
6		5,7,8,		5,7,8,
7		6,8,9,		6,8,9,
8		6,7,9,		6,7,9,
9		7,8,		7,8,


Time = 2850000.000000
5		6,		6,
6		5,7,8,		5,7,8,
7		6,8,9,		6,8,9,
8		6,7,9,		6,7,9,
9		7,8,		7,8,


Time = 2900000.000000
5		6,		6,
6		5,7,8,		5,7,8,
7		6,8,9,		6,8,9,
8		6,7,9,		6,7,9,
9		7,8,		7,8,


Time = 2950000.000000
5		6,		6,
6		5,7,8,		5,7,8,
7		6,8,9,		6,8,9,
8		6,7,9,		6,7,9,
9		7,8,		7,8,


Time = 3000000.000000
5		6,		6,
6		5,7,8,		5,7,8,
7		6,8,9,		6,8,9,
8		6,7,9,		6,7,9,
9		7,8,		7,8,


Time = 3050000.000000
5		6,		6,
6		5,7,8,		5,7,8,
7		6,8,9,		6,8,9,
8		6,7,9,		6,7,9,
9		7,8,		7,8,


Time = 3100000.000000
5		6,		6,
6		5,7,8,		5,7,8,
7		6,8,9,		6,8,9,
8		6,7,9,		6,7,9,
9		7,8,		7,8,


Time = 3150000.000000
5		6,		6,
6		5,7,8,		5,7,8,
7		6,8,9,		6,8,9,
8		6,7,9,		6,7,9,
9		7,8,		7,8,


Time = 3200000.000000
5		6,		6,
6		5,7,8,		5,7,8,
7		6,8,9,		6,8,9,
8		6,7,9,		6,7,9,
9		7,8,		7,8,


Time = 3250000.000000
5		6,		6,
6		5,7,8,		5,7,8,
7		6,8,9,		6,8,9,
8		6,7,9,		6,7,9,
9		7,8,		7,8,


Time = 3300000.000000
5		6,		6,
6		5,7,8,		5,7,8,
7		6,8,9,		6,8,9,
8		6,7,9,		6,7,9,
9		7,8,		7,8,


Time = 3350000.000000
5		6,		6,
6		5,7,8,		5,7,8,
7		6,8,9,		6,8,9,
8		6,7,9,		6,7,9,
9		7,8,		7,8,


Time = 3400000.000000
5		6,		6,
6		5,7,8,		5,7,8,
7		6,8,9,		6,8,9,
8		6,7,9,		6,7,9,
9		7,8,		7,8,


Time = 3450000.000000
5		6,		6,
6		5,7,8,		5,7,8,
7		6,8,9,		6,8,9,
8		6,7,9,		6,7,9,
9		7,8,		7,8,


Time = 3500000.000000
5		6,		6,
6		5,7,8,		5,7,8,
7		6,8,9,		6,8,9,
8		6,7,9,		6,7,9,
9		7,8,		7,8,


Time = 3550000.000000
5		6,		6,
6		5,7,8,		5,7,8,
7		6,8,9,		6,8,9,
8		6,7,9,		6,7,9,
9		7,8,		7,8,


Time = 3600000.000000
5		6,		6,
6		5,7,8,		5,7,8,
7		6,8,9,		6,8,9,
8		6,7,9,		6,7,9,
9		7,8,		7,8,


Time = 3650000.000000
5		6,		6,
6		5,7,8,		5,7,8,
7		6,8,9,		6,8,9,
8		6,7,9,		6,7,9,
9		7,8,		7,8,


Time = 3700000.000000
5		6,		6,
6		5,7,8,		5,7,8,
7		6,8,9,		6,8,9,
8		6,7,9,		6,7,9,
9		7,8,		7,8,


Time = 3750000.000000
5		6,		6,
6		5,7,8,		5,7,8,
7		6,8,9,		6,8,9,
8		6,7,9,		6,7,9,
9		7,8,		7,8,


Time = 3800000.000000
5		6,		6,
6		5,7,8,		5,7,8,
7		6,8,9,		6,8,9,
8		6,7,9,		6,7,9,
9		7,8,		7,8,


Time = 3850000.000000
5		6,		6,
6		5,7,8,		5,7,8,
7		6,8,9,		6,8,9,
8		6,7,9,		6,7,9,
9		7,8,		7,8,


Time = 3900000.000000
5		6,		6,
6		5,7,8,		5,7,8,
7		6,8,9,		6,8,9,
8		6,7,9,		6,7,9,
9		7,8,		7,8,


Time = 3950000.000000
5		6,		6,
6		5,7,8,		5,7,8,
7		6,8,9,		6,8,9,
8		6,7,9,		6,7,9,
9		7,8,		7,8,


Time = 4000000.000000
5		6,		6,
6		5,7,8,		5,7,8,
7		6,8,9,		6,8,9,
8		6,7,9,		6,7,9,
9		7,8,		7,8,


Time = 4050000.000000
5		6,		6,
6		5,7,8,		5,7,8,
7		6,8,9,		6,8,9,
8		6,7,9,		6,7,9,
9		7,8,		7,8,


Time = 4100000.000000
5		6,		6,
6		5,7,8,		5,7,8,
7		6,8,9,		6,8,9,
8		6,7,9,		6,7,9,
9		7,8,		7,8,


Time = 4150000.000000
5		6,		6,
6		5,7,8,		5,7,8,
7		6,8,9,		6,8,9,
8		6,7,9,		6,7,9,
9		7,8,		7,8,


Time = 4200000.000000
5		6,		6,
6		5,7,8,		5,7,8,
7		6,8,9,		6,8,9,
8		6,7,9,		6,7,9,
9		7,8,		7,8,


Time = 4250000.000000
5		6,		6,
6		5,7,8,		5,7,8,
7		6,8,9,		6,8,9,
8		6,7,9,		6,7,9,
9		7,8,		7,8,


Time = 4300000.000000
5		6,		6,
6		5,7,8,		5,7,8,
7		6,8,9,		6,8,9,
8		6,7,9,		6,7,9,
9		7,8,		7,8,


Time = 4350000.000000
5		6,		6,
6		5,7,8,		5,7,8,
7		6,8,9,		6,8,9,
8		6,7,9,		6,7,9,
9		7,8,		7,8,


Time = 4400000.000000
5		6,		6,
6		5,7,8,		5,7,8,
7		6,8,9,		6,8,9,
8		6,7,9,		6,7,9,
9		7,8,		7,8,


Time = 4450000.000000
5		6,		6,
6		5,7,8,		5,7,8,
7		6,8,9,		6,8,9,
8		6,7,9,		6,7,9,
9		7,8,		7,8,


Time = 4500000.000000
5		6,		6,
6		5,7,8,		5,7,8,
7		6,8,9,		6,8,9,
8		6,7,9,		6,7,9,
9		7,8,		7,8,


Time = 4550000.000000
5		6,		6,
6		5,7,8,		5,7,8,
7		6,8,9,		6,8,9,
8		6,7,9,		6,7,9,
9		7,8,		7,8,


Time = 4600000.000000
5		6,		6,
6		5,7,8,		5,7,8,
7		6,8,9,		6,8,9,
8		6,7,9,		6,7,9,
9		7,8,		7,8,


Time = 4650000.000000
5		6,		6,
6		5,7,8,		5,7,8,
7		6,8,9,		6,8,9,
8		6,7,9,		6,7,9,
9		7,8,		7,8,


Time = 4700000.000000
5		6,		6,
6		5,7,8,		5,7,8,
7		6,8,9,		6,8,9,
8		6,7,9,		6,7,9,
9		7,8,		7,8,


Time = 4750000.000000
5		6,		6,
6		5,7,8,		5,7,8,
7		6,8,9,		6,8,9,
8		6,7,9,		6,7,9,
9		7,8,		7,8,


Time = 4800000.000000
5		6,		6,
6		5,7,8,		5,7,8,
7		6,8,9,		6,8,9,
8		6,7,9,		6,7,9,
9		7,8,		7,8,


Time = 4850000.000000
5		6,		6,
6		5,7,8,		5,7,8,
7		6,8,9,		6,8,9,
8		6,7,9,		6,7,9,
9		7,8,		7,8,


Time = 4900000.000000
5		6,		6,
6		5,7,8,		5,7,8,
7		6,8,9,		6,8,9,
8		6,7,9,		6,7,9,
9		7,8,		7,8,


Time = 4950000.000000
5		6,		6,
6		5,7,8,		5,7,8,
7		6,8,9,		6,8,9,
8		6,7,9,		6,7,9,
9		7,8,		7,8,


Time = 5000000.000000
5		6,		6,
6		5,7,8,		5,7,8,
7		6,8,9,		6,8,9,
8		6,7,9,		6,7,9,
9		7,8,		7,8,


Time = 5050000.000000
5		6,		6,
6		5,7,8,		5,7,8,
7		6,8,9,		6,8,9,
8		6,7,9,		6,7,9,
9		7,8,		7,8,


Time = 5100000.000000
5		6,		6,
6		5,7,8,		5,7,8,
7		6,8,9,		6,8,9,
8		6,7,9,		6,7,9,
9		7,8,		7,8,


Time = 5150000.000000
5		6,		6,
6		5,7,8,		5,7,8,
7		6,8,9,		6,8,9,
8		6,7,9,		6,7,9,
9		7,8,		7,8,


Time = 5200000.000000
5		6,		6,
6		5,7,8,		5,7,8,
7		6,8,9,		6,8,9,
8		6,7,9,		6,7,9,
9		7,8,		7,8,


Time = 5250000.000000
5		6,		6,
6		5,7,8,		5,7,8,
7		6,8,9,		6,8,9,
8		6,7,9,		6,7,9,
9		7,8,		7,8,


Time = 5300000.000000
5		6,		6,
6		5,7,8,		5,7,8,
7		6,8,9,		6,8,9,
8		6,7,9,		6,7,9,
9		7,8,		7,8,


Time = 5350000.000000
5		6,		6,
6		5,7,8,		5,7,8,
7		6,8,9,		6,8,9,
8		6,7,9,		6,7,9,
9		7,8,		7,8,


Time = 5400000.000000
5		6,		6,
6		5,7,8,		5,7,8,
7		6,8,9,		6,8,9,
8		6,7,9,		6,7,9,
9		7,8,		7,8,


Time = 5450000.000000
5		6,		6,
6		5,7,8,		5,7,8,
7		6,8,9,		6,8,9,
8		6,7,9,		6,7,9,
9		7,8,		7,8,


Time = 5500000.000000
5		6,		6,
6		5,7,8,		5,7,8,
7		6,8,9,		6,8,9,
8		6,7,9,		6,7,9,
9		7,8,		7,8,


Time = 5550000.000000
5		6,		6,
6		5,7,8,		5,7,8,
7		6,8,9,		6,8,9,
8		6,7,9,		6,7,9,
9		7,8,		7,8,


Time = 5600000.000000
5		6,		6,
6		5,7,8,		5,7,8,
7		6,8,9,		6,8,9,
8		6,7,9,		6,7,9,
9		7,8,		7,8,


Time = 5650000.000000
5		6,		6,
6		5,7,8,		5,7,8,
7		6,8,9,		6,8,9,
8		6,7,9,		6,7,9,
9		7,8,		7,8,


Time = 5700000.000000
5		6,		6,
6		5,7,8,		5,7,8,
7		6,8,9,		6,8,9,
8		6,7,9,		6,7,9,
9		7,8,		7,8,


Time = 5750000.000000
5		6,		6,
6		5,7,8,		5,7,8,
7		6,8,9,		6,8,9,
8		6,7,9,		6,7,9,
9		7,8,		7,8,


Time = 5800000.000000
5		6,		6,
6		5,7,8,		5,7,8,
7		6,8,9,		6,8,9,
8		6,7,9,		6,7,9,
9		7,8,		7,8,


Time = 5850000.000000
5		6,		6,
6		5,7,8,		5,7,8,
7		6,8,9,		6,8,9,
8		6,7,9,		6,7,9,
9		7,8,		7,8,


Time = 5900000.000000
5		6,		6,
6		5,7,8,		5,7,8,
7		6,8,9,		6,8,9,
8		6,7,9,		6,7,9,
9		7,8,		7,8,


Time = 5950000.000000
5		6,		6,
6		5,7,8,		5,7,8,
7		6,8,9,		6,8,9,
8		6,7,9,		6,7,9,
9		7,8,		7,8,


Time = 6000000.000000
5		6,		6,
6		5,7,8,		5,7,8,
7		6,8,9,		6,8,9,
8		6,7,9,		6,7,9,
9		7,8,		7,8,


Time = 6050000.000000
5		6,		6,
6		5,7,8,		5,7,8,
7		6,8,9,		6,8,9,
8		6,7,9,		6,7,9,
9		7,8,		7,8,


Time = 6100000.000000
5		6,		6,
6		5,7,8,		5,7,8,
7		6,8,9,		6,8,9,
8		6,7,9,		6,7,9,
9		7,8,		7,8,


Time = 6150000.000000
5		6,		6,
6		5,7,8,		5,7,8,
7		6,8,9,		6,8,9,
8		6,7,9,		6,7,9,
9		7,8,		7,8,


Time = 6200000.000000
5		6,		6,
6		5,7,8,		5,7,8,
7		6,8,9,		6,8,9,
8		6,7,9,		6,7,9,
9		7,8,		7,8,


Time = 6250000.000000
5		6,		6,
6		5,7,8,		5,7,8,
7		6,8,9,		6,8,9,
8		6,7,9,		6,7,9,
9		7,8,		7,8,


Time = 6300000.000000
5		6,		6,
6		5,7,8,		5,7,8,
7		6,8,9,		6,8,9,
8		6,7,9,		6,7,9,
9		7,8,		7,8,


Time = 6350000.000000
5		6,		6,
6		5,7,8,		5,7,8,
7		6,8,9,		6,8,9,
8		6,7,9,		6,7,9,
9		7,8,		7,8,


Time = 6400000.000000
5		6,		6,
6		5,7,8,		5,7,8,
7		6,8,9,		6,8,9,
8		6,7,9,		6,7,9,
9		7,8,		7,8,


Time = 6450000.000000
5		6,		6,
6		5,7,8,		5,7,8,
7		6,8,9,		6,8,9,
8		6,7,9,		6,7,9,
9		7,8,		7,8,


Time = 6500000.000000
5		6,		6,
6		5,7,8,		5,7,8,
7		6,8,9,		6,8,9,
8		6,7,9,		6,7,9,
9		7,8,		7,8,


Time = 6550000.000000
5		6,		6,
6		5,7,8,		5,7,8,
7		6,8,9,		6,8,9,
8		6,7,9,		6,7,9,
9		7,8,		7,8,


Time = 6600000.000000
5		6,		6,
6		5,7,8,		5,7,8,
7		6,8,9,		6,8,9,
8		6,7,9,		6,7,9,
9		7,8,		7,8,


Time = 6650000.000000
5		6,		6,
6		5,7,8,		5,7,8,
7		6,8,9,		6,8,9,
8		6,7,9,		6,7,9,
9		7,8,		7,8,


Time = 6700000.000000
5		6,		6,
6		5,7,8,		5,7,8,
7		6,8,9,		6,8,9,
8		6,7,9,		6,7,9,
9		7,8,		7,8,


Time = 6750000.000000
5		6,		6,
6		5,7,8,		5,7,8,
7		6,8,9,		6,8,9,
8		6,7,9,		6,7,9,
9		7,8,		7,8,


Time = 6800000.000000
5		6,		6,
6		5,7,8,		5,7,8,
7		6,8,9,		6,8,9,
8		6,7,9,		6,7,9,
9		7,8,		7,8,


Time = 6850000.000000
5		6,		6,
6		5,7,8,		5,7,8,
7		6,8,9,		6,8,9,
8		6,7,9,		6,7,9,
9		7,8,		7,8,


Time = 6900000.000000
5		6,		6,
6		5,7,8,		5,7,8,
7		6,8,9,		6,8,9,
8		6,7,9,		6,7,9,
9		7,8,		7,8,


Time = 6950000.000000
5		6,		6,
6		5,7,8,		5,7,8,
7		6,8,9,		6,8,9,
8		6,7,9,		6,7,9,
9		7,8,		7,8,


Time = 7000000.000000
5		6,		6,
6		5,7,8,		5,7,8,
7		6,8,9,		6,8,9,
8		6,7,9,		6,7,9,
9		7,8,		7,8,


Time = 7050000.000000
5		6,		6,
6		5,7,8,		5,7,8,
7		6,8,9,		6,8,9,
8		6,7,9,		6,7,9,
9		7,8,		7,8,


Time = 7100000.000000
5		6,		6,
6		5,7,8,		5,7,8,
7		6,8,9,		6,8,9,
8		6,7,9,		6,7,9,
9		7,8,		7,8,


Time = 7150000.000000
5		6,		6,
6		5,7,8,		5,7,8,
7		6,8,9,		6,8,9,
8		6,7,9,		6,7,9,
9		7,8,		7,8,


Time = 7200000.000000
5		6,		6,
6		5,7,8,		5,7,8,
7		6,8,9,		6,8,9,
8		6,7,9,		6,7,9,
9		7,8,		7,8,


Time = 7250000.000000
5		6,		6,
6		5,7,8,		5,7,8,
7		6,8,9,		6,8,9,
8		6,7,9,		6,7,9,
9		7,8,		7,8,


Time = 7300000.000000
5		6,		6,
6		5,7,8,		5,7,8,
7		6,8,9,		6,8,9,
8		6,7,9,		6,7,9,
9		7,8,		7,8,


Time = 7350000.000000
5		6,		6,
6		5,7,8,		5,7,8,
7		6,8,9,		6,8,9,
8		6,7,9,		6,7,9,
9		7,8,		7,8,


Time = 7400000.000000
5		6,		6,
6		5,7,8,		5,7,8,
7		6,8,9,		6,8,9,
8		6,7,9,		6,7,9,
9		7,8,		7,8,


Time = 7450000.000000
5		6,		6,
6		5,7,8,		5,7,8,
7		6,8,9,		6,8,9,
8		6,7,9,		6,7,9,
9		7,8,		7,8,


Time = 7500000.000000
5		6,		6,
6		5,7,8,		5,7,8,
7		6,8,9,		6,8,9,
8		6,7,9,		6,7,9,
9		7,8,		7,8,


Time = 7550000.000000
5		6,		6,
6		5,7,8,		5,7,8,
7		6,8,9,		6,8,9,
8		6,7,9,		6,7,9,
9		7,8,		7,8,


Time = 7600000.000000
5		6,		6,
6		5,7,8,		5,7,8,
7		6,8,9,		6,8,9,
8		6,7,9,		6,7,9,
9		7,8,		7,8,


Time = 7650000.000000
5		6,		6,
6		5,7,8,		5,7,8,
7		6,8,9,		6,8,9,
8		6,7,9,		6,7,9,
9		7,8,		7,8,


Time = 7700000.000000
5		6,		6,
6		5,7,8,		5,7,8,
7		6,8,9,		6,8,9,
8		6,7,9,		6,7,9,
9		7,8,		7,8,


Time = 7750000.000000
5		6,		6,
6		5,7,8,		5,7,8,
7		6,8,9,		6,8,9,
8		6,7,9,		6,7,9,
9		7,8,		7,8,


Time = 7800000.000000
5		6,		6,
6		5,7,8,		5,7,8,
7		6,8,9,		6,8,9,
8		6,7,9,		6,7,9,
9		7,8,		7,8,


Time = 7850000.000000
5		6,		6,
6		5,7,8,		5,7,8,
7		6,8,9,		6,8,9,
8		6,7,9,		6,7,9,
9		7,8,		7,8,


Time = 7900000.000000
5		6,		6,
6		5,7,8,		5,7,8,
7		6,8,9,		6,8,9,
8		6,7,9,		6,7,9,
9		7,8,		7,8,


Time = 7950000.000000
5		6,		6,
6		5,7,8,		5,7,8,
7		6,8,9,		6,8,9,
8		6,7,9,		6,7,9,
9		7,8,		7,8,


Time = 8000000.000000
5		6,		6,
6		5,7,8,		5,7,8,
7		6,8,9,		6,8,9,
8		6,7,9,		6,7,9,
9		7,8,		7,8,


Time = 8050000.000000
5		6,		6,
6		5,7,8,		5,7,8,
7		6,8,9,		6,8,9,
8		6,7,9,		6,7,9,
9		7,8,		7,8,


Time = 8100000.000000
5		6,		6,
6		5,7,8,		5,7,8,
7		6,8,9,		6,8,9,
8		6,7,9,		6,7,9,
9		7,8,		7,8,


Time = 8150000.000000
5		6,		6,
6		5,7,8,		5,7,8,
7		6,8,9,		6,8,9,
8		6,7,9,		6,7,9,
9		7,8,		7,8,


Time = 8200000.000000
5		6,		6,
6		5,7,8,		5,7,8,
7		6,8,9,		6,8,9,
8		6,7,9,		6,7,9,
9		7,8,		7,8,


Time = 8250000.000000
5		6,		6,
6		5,7,8,		5,7,8,
7		6,8,9,		6,8,9,
8		6,7,9,		6,7,9,
9		7,8,		7,8,


Time = 8300000.000000
5		6,		6,
6		5,7,8,		5,7,8,
7		6,8,9,		6,8,9,
8		6,7,9,		6,7,9,
9		7,8,		7,8,


Time = 8350000.000000
5		6,		6,
6		5,7,8,		5,7,8,
7		6,8,9,		6,8,9,
8		6,7,9,		6,7,9,
9		7,8,		7,8,


Time = 8400000.000000
5		6,		6,
6		5,7,8,		5,7,8,
7		6,8,9,		6,8,9,
8		6,7,9,		6,7,9,
9		7,8,		7,8,


Time = 8450000.000000
5		6,		6,
6		5,7,8,		5,7,8,
7		6,8,9,		6,8,9,
8		6,7,9,		6,7,9,
9		7,8,		7,8,


Time = 8500000.000000
5		6,		6,
6		5,7,8,		5,7,8,
7		6,8,9,		6,8,9,
8		6,7,9,		6,7,9,
9		7,8,		7,8,


Time = 8550000.000000
5		6,		6,
6		5,7,8,		5,7,8,
7		6,8,9,		6,8,9,
8		6,7,9,		6,7,9,
9		7,8,		7,8,


Time = 8600000.000000
5		6,		6,
6		5,7,8,		5,7,8,
7		6,8,9,		6,8,9,
8		6,7,9,		6,7,9,
9		7,8,		7,8,


Time = 8650000.000000
5		6,		6,
6		5,7,8,		5,7,8,
7		6,8,9,		6,8,9,
8		6,7,9,		6,7,9,
9		7,8,		7,8,


Time = 8700000.000000
5		6,		6,
6		5,7,8,		5,7,8,
7		6,8,9,		6,8,9,
8		6,7,9,		6,7,9,
9		7,8,		7,8,


Time = 8750000.000000
5		6,		6,
6		5,7,8,		5,7,8,
7		6,8,9,		6,8,9,
8		6,7,9,		6,7,9,
9		7,8,		7,8,


Time = 8800000.000000
5		6,		6,
6		5,7,8,		5,7,8,
7		6,8,9,		6,8,9,
8		6,7,9,		6,7,9,
9		7,8,		7,8,


Time = 8850000.000000
5		6,		6,
6		5,7,8,		5,7,8,
7		6,8,9,		6,8,9,
8		6,7,9,		6,7,9,
9		7,8,		7,8,


Time = 8900000.000000
5		6,		6,
6		5,7,8,		5,7,8,
7		6,8,9,		6,8,9,
8		6,7,9,		6,7,9,
9		7,8,		7,8,


Time = 8950000.000000
5		6,		6,
6		5,7,8,		5,7,8,
7		6,8,9,		6,8,9,
8		6,7,9,		6,7,9,
9		7,8,		7,8,


Time = 9000000.000000
5		6,		6,
6		5,7,8,		5,7,8,
7		6,8,9,		6,8,9,
8		6,7,9,		6,7,9,
9		7,8,		7,8,


Time = 9050000.000000
5		6,		6,
6		5,7,8,		5,7,8,
7		6,8,9,		6,8,9,
8		6,7,9,		6,7,9,
9		7,8,		7,8,


Time = 9100000.000000
5		6,		6,
6		5,7,8,		5,7,8,
7		6,8,9,		6,8,9,
8		6,7,9,		6,7,9,
9		7,8,		7,8,


Time = 9150000.000000
5		6,		6,
6		5,7,8,		5,7,8,
7		6,8,9,		6,8,9,
8		6,7,9,		6,7,9,
9		7,8,		7,8,


Time = 9200000.000000
5		6,		6,
6		5,7,8,		5,7,8,
7		6,8,9,		6,8,9,
8		6,7,9,		6,7,9,
9		7,8,		7,8,


Time = 9250000.000000
5		6,		6,
6		5,7,8,		5,7,8,
7		6,8,9,		6,8,9,
8		6,7,9,		6,7,9,
9		7,8,		7,8,


Time = 9300000.000000
5		6,		6,
6		5,7,8,		5,7,8,
7		6,8,9,		6,8,9,
8		6,7,9,		6,7,9,
9		7,8,		7,8,


Time = 9350000.000000
5		6,		6,
6		5,7,8,		5,7,8,
7		6,8,9,		6,8,9,
8		6,7,9,		6,7,9,
9		7,8,		7,8,


Time = 9400000.000000
5		6,		6,
6		5,7,8,		5,7,8,
7		6,8,9,		6,8,9,
8		6,7,9,		6,7,9,
9		7,8,		7,8,


Time = 9450000.000000
5		6,		6,
6		5,7,8,		5,7,8,
7		6,8,9,		6,8,9,
8		6,7,9,		6,7,9,
9		7,8,		7,8,


Time = 9500000.000000
5		6,		6,
6		5,7,8,		5,7,8,
7		6,8,9,		6,8,9,
8		6,7,9,		6,7,9,
9		7,8,		7,8,


Time = 9550000.000000
5		6,		6,
6		5,7,8,		5,7,8,
7		6,8,9,		6,8,9,
8		6,7,9,		6,7,9,
9		7,8,		7,8,


Time = 9600000.000000
5		6,		6,
6		5,7,8,		5,7,8,
7		6,8,9,		6,8,9,
8		6,7,9,		6,7,9,
9		7,8,		7,8,


Time = 9650000.000000
5		6,		6,
6		5,7,8,		5,7,8,
7		6,8,9,		6,8,9,
8		6,7,9,		6,7,9,
9		7,8,		7,8,


Time = 9700000.000000
5		6,		6,
6		5,7,8,		5,7,8,
7		6,8,9,		6,8,9,
8		6,7,9,		6,7,9,
9		7,8,		7,8,


Time = 9750000.000000
5		6,		6,
6		5,7,8,		5,7,8,
7		6,8,9,		6,8,9,
8		6,7,9,		6,7,9,
9		7,8,		7,8,


Time = 9800000.000000
5		6,		6,
6		5,7,8,		5,7,8,
7		6,8,9,		6,8,9,
8		6,7,9,		6,7,9,
9		7,8,		7,8,


Time = 9850000.000000
5		6,		6,
6		5,7,8,		5,7,8,
7		6,8,9,		6,8,9,
8		6,7,9,		6,7,9,
9		7,8,		7,8,


Time = 9900000.000000
5		6,		6,
6		5,7,8,		5,7,8,
7		6,8,9,		6,8,9,
8		6,7,9,		6,7,9,
9		7,8,		7,8,


Time = 9950000.000000
5		6,		6,
6		5,7,8,		5,7,8,
7		6,8,9,		6,8,9,
8		6,7,9,		6,7,9,
9		7,8,		7,8,


Time = 10000000.000000
5		6,		6,
6		5,7,8,		5,7,8,
7		6,8,9,		6,8,9,
8		6,7,9,		6,7,9,
9		7,8,		7,8,


Time = 10050000.000000
5		6,		6,
6		5,7,8,		5,7,8,
7		6,8,9,		6,8,9,
8		6,7,9,		6,7,9,
9		7,8,		7,8,


Time = 10100000.000000
5		6,		6,
6		5,7,8,		5,7,8,
7		6,8,9,		6,8,9,
8		6,7,9,		6,7,9,
9		7,8,		7,8,


Time = 10150000.000000
5		6,		6,
6		5,7,8,		5,7,8,
7		6,8,9,		6,8,9,
8		6,7,9,		6,7,9,
9		7,8,		7,8,


Time = 10200000.000000
5		6,		6,
6		5,7,8,		5,7,8,
7		6,8,9,		6,8,9,
8		6,7,9,		6,7,9,
9		7,8,		7,8,


Time = 10250000.000000
5		6,		6,
6		5,7,8,		5,7,8,
7		6,8,9,		6,8,9,
8		6,7,9,		6,7,9,
9		7,8,		7,8,


Time = 10300000.000000
5		6,		6,
6		5,7,8,		5,7,8,
7		6,8,9,		6,8,9,
8		6,7,9,		6,7,9,
9		7,8,		7,8,


Time = 10350000.000000
5		6,		6,
6		5,7,8,		5,7,8,
7		6,8,9,		6,8,9,
8		6,7,9,		6,7,9,
9		7,8,		7,8,


Time = 10400000.000000
5		6,		6,
6		5,7,8,		5,7,8,
7		6,8,9,		6,8,9,
8		6,7,9,		6,7,9,
9		7,8,		7,8,


Time = 10450000.000000
5		6,		6,
6		5,7,8,		5,7,8,
7		6,8,9,		6,8,9,
8		6,7,9,		6,7,9,
9		7,8,		7,8,


Time = 10500000.000000
5		6,		6,
6		5,7,8,		5,7,8,
7		6,8,9,		6,8,9,
8		6,7,9,		6,7,9,
9		7,8,		7,8,


Time = 10550000.000000
5		6,		6,
6		5,7,8,		5,7,8,
7		6,8,9,		6,8,9,
8		6,7,9,		6,7,9,
9		7,8,		7,8,


Time = 10600000.000000
5		6,		6,
6		5,7,8,		5,7,8,
7		6,8,9,		6,8,9,
8		6,7,9,		6,7,9,
9		7,8,		7,8,


Time = 10650000.000000
5		6,		6,
6		5,7,8,		5,7,8,
7		6,8,9,		6,8,9,
8		6,7,9,		6,7,9,
9		7,8,		7,8,


Time = 10700000.000000
5		6,		6,
6		5,7,8,		5,7,8,
7		6,8,9,		6,8,9,
8		6,7,9,		6,7,9,
9		7,8,		7,8,


Time = 10750000.000000
5		6,		6,
6		5,7,8,		5,7,8,
7		6,8,9,		6,8,9,
8		6,7,9,		6,7,9,
9		7,8,		7,8,


Time = 10800000.000000
5		6,		6,
6		5,7,8,		5,7,8,
7		6,8,9,		6,8,9,
8		6,7,9,		6,7,9,
9		7,8,		7,8,


Time = 10850000.000000
5		6,		6,
6		5,7,8,		5,7,8,
7		6,8,9,		6,8,9,
8		6,7,9,		6,7,9,
9		7,8,		7,8,


Time = 10900000.000000
5		6,		6,
6		5,7,8,		5,7,8,
7		6,8,9,		6,8,9,
8		6,7,9,		6,7,9,
9		7,8,		7,8,


Time = 10950000.000000
5		6,		6,
6		5,7,8,		5,7,8,
7		6,8,9,		6,8,9,
8		6,7,9,		6,7,9,
9		7,8,		7,8,


Time = 11000000.000000
5		6,		6,
6		5,7,8,		5,7,8,
7		6,8,9,		6,8,9,
8		6,7,9,		6,7,9,
9		7,8,		7,8,


Time = 11050000.000000
5		6,		6,
6		5,7,8,		5,7,8,
7		6,8,9,		6,8,9,
8		6,7,9,		6,7,9,
9		7,8,		7,8,


Time = 11100000.000000
5		6,		6,
6		5,7,8,		5,7,8,
7		6,8,9,		6,8,9,
8		6,7,9,		6,7,9,
9		7,8,		7,8,


Time = 11150000.000000
5		6,		6,
6		5,7,8,		5,7,8,
7		6,8,9,		6,8,9,
8		6,7,9,		6,7,9,
9		7,8,		7,8,


Time = 11200000.000000
5		6,		6,
6		5,7,8,		5,7,8,
7		6,8,9,		6,8,9,
8		6,7,9,		6,7,9,
9		7,8,		7,8,


Time = 11250000.000000
5		6,		6,
6		5,7,8,		5,7,8,
7		6,8,9,		6,8,9,
8		6,7,9,		6,7,9,
9		7,8,		7,8,


Time = 11300000.000000
5		6,		6,
6		5,7,8,		5,7,8,
7		6,8,9,		6,8,9,
8		6,7,9,		6,7,9,
9		7,8,		7,8,


Time = 11350000.000000
5		6,		6,
6		5,7,8,		5,7,8,
7		6,8,9,		6,8,9,
8		6,7,9,		6,7,9,
9		7,8,		7,8,


Time = 11400000.000000
5		6,		6,
6		5,7,8,		5,7,8,
7		6,8,9,		6,8,9,
8		6,7,9,		6,7,9,
9		7,8,		7,8,


Time = 11450000.000000
5		6,		6,
6		5,7,8,		5,7,8,
7		6,8,9,		6,8,9,
8		6,7,9,		6,7,9,
9		7,8,		7,8,


Time = 11500000.000000
5		6,		6,
6		5,7,8,		5,7,8,
7		6,8,9,		6,8,9,
8		6,7,9,		6,7,9,
9		7,8,		7,8,


Time = 11550000.000000
5		6,		6,
6		5,7,8,		5,7,8,
7		6,8,9,		6,8,9,
8		6,7,9,		6,7,9,
9		7,8,		7,8,


Time = 11600000.000000
5		6,		6,
6		5,7,8,		5,7,8,
7		6,8,9,		6,8,9,
8		6,7,9,		6,7,9,
9		7,8,		7,8,


Time = 11650000.000000
5		6,		6,
6		5,7,8,		5,7,8,
7		6,8,9,		6,8,9,
8		6,7,9,		6,7,9,
9		7,8,		7,8,


Time = 11700000.000000
5		6,		6,
6		5,7,8,		5,7,8,
7		6,8,9,		6,8,9,
8		6,7,9,		6,7,9,
9		7,8,		7,8,


Time = 11750000.000000
5		6,		6,
6		5,7,8,		5,7,8,
7		6,8,9,		6,8,9,
8		6,7,9,		6,7,9,
9		7,8,		7,8,


Time = 11800000.000000
5		6,		6,
6		5,7,8,		5,7,8,
7		6,8,9,		6,8,9,
8		6,7,9,		6,7,9,
9		7,8,		7,8,


Time = 11850000.000000
5		6,		6,
6		5,7,8,		5,7,8,
7		6,8,9,		6,8,9,
8		6,7,9,		6,7,9,
9		7,8,		7,8,


Time = 11900000.000000
5		6,		6,
6		5,7,8,		5,7,8,
7		6,8,9,		6,8,9,
8		6,7,9,		6,7,9,
9		7,8,		7,8,


Time = 11950000.000000
5		6,		6,
6		5,7,8,		5,7,8,
7		6,8,9,		6,8,9,
8		6,7,9,		6,7,9,
9		7,8,		7,8,


Time = 12000000.000000
5		6,		6,
6		5,7,8,		5,7,8,
7		6,8,9,		6,8,9,
8		6,7,9,		6,7,9,
9		7,8,		7,8,


Time = 12050000.000000
5		6,		6,
6		5,7,8,		5,7,8,
7		6,8,9,		6,8,9,
8		6,7,9,		6,7,9,
9		7,8,		7,8,


Time = 12100000.000000
5		6,		6,
6		5,7,8,		5,7,8,
7		6,8,9,		6,8,9,
8		6,7,9,		6,7,9,
9		7,8,		7,8,


Time = 12150000.000000
5		6,		6,
6		5,7,8,		5,7,8,
7		6,8,9,		6,8,9,
8		6,7,9,		6,7,9,
9		7,8,		7,8,


Time = 12200000.000000
5		6,		6,
6		5,7,8,		5,7,8,
7		6,8,9,		6,8,9,
8		6,7,9,		6,7,9,
9		7,8,		7,8,


Time = 12250000.000000
5		6,		6,
6		5,7,8,		5,7,8,
7		6,8,9,		6,8,9,
8		6,7,9,		6,7,9,
9		7,8,		7,8,


Time = 12300000.000000
5		6,		6,
6		5,7,8,		5,7,8,
7		6,8,9,		6,8,9,
8		6,7,9,		6,7,9,
9		7,8,		7,8,


Time = 12350000.000000
5		6,		6,
6		5,7,8,		5,7,8,
7		6,8,9,		6,8,9,
8		6,7,9,		6,7,9,
9		7,8,		7,8,


Time = 12400000.000000
5		6,		6,
6		5,7,8,		5,7,8,
7		6,8,9,		6,8,9,
8		6,7,9,		6,7,9,
9		7,8,		7,8,


Time = 12450000.000000
5		6,		6,
6		5,7,8,		5,7,8,
7		6,8,9,		6,8,9,
8		6,7,9,		6,7,9,
9		7,8,		7,8,


Time = 12500000.000000
5		6,		6,
6		5,7,8,		5,7,8,
7		6,8,9,		6,8,9,
8		6,7,9,		6,7,9,
9		7,8,		7,8,


Time = 12550000.000000
5		6,		6,
6		5,7,8,		5,7,8,
7		6,8,9,		6,8,9,
8		6,7,9,		6,7,9,
9		7,8,		7,8,


Time = 12600000.000000
5		6,		6,
6		5,7,8,		5,7,8,
7		6,8,9,		6,8,9,
8		6,7,9,		6,7,9,
9		7,8,		7,8,


Time = 12650000.000000
5		6,		6,
6		5,7,8,		5,7,8,
7		6,8,9,		6,8,9,
8		6,7,9,		6,7,9,
9		7,8,		7,8,


Time = 12700000.000000
5		6,		6,
6		5,7,8,		5,7,8,
7		6,8,9,		6,8,9,
8		6,7,9,		6,7,9,
9		7,8,		7,8,


Time = 12750000.000000
5		6,		6,
6		5,7,8,		5,7,8,
7		6,8,9,		6,8,9,
8		6,7,9,		6,7,9,
9		7,8,		7,8,


Time = 12800000.000000
5		6,		6,
6		5,7,8,		5,7,8,
7		6,8,9,		6,8,9,
8		6,7,9,		6,7,9,
9		7,8,		7,8,


Time = 12850000.000000
5		6,		6,
6		5,7,8,		5,7,8,
7		6,8,9,		6,8,9,
8		6,7,9,		6,7,9,
9		7,8,		7,8,


Time = 12900000.000000
5		6,		6,
6		5,7,8,		5,7,8,
7		6,8,9,		6,8,9,
8		6,7,9,		6,7,9,
9		7,8,		7,8,


Time = 12950000.000000
5		6,		6,
6		5,7,8,		5,7,8,
7		6,8,9,		6,8,9,
8		6,7,9,		6,7,9,
9		7,8,		7,8,


Time = 13000000.000000
5		6,		6,
6		5,7,8,		5,7,8,
7		6,8,9,		6,8,9,
8		6,7,9,		6,7,9,
9		7,8,		7,8,


Time = 13050000.000000
5		6,		6,
6		5,7,8,		5,7,8,
7		6,8,9,		6,8,9,
8		6,7,9,		6,7,9,
9		7,8,		7,8,


Time = 13100000.000000
5		6,		6,
6		5,7,8,		5,7,8,
7		6,8,9,		6,8,9,
8		6,7,9,		6,7,9,
9		7,8,		7,8,


Time = 13150000.000000
5		6,		6,
6		5,7,8,		5,7,8,
7		6,8,9,		6,8,9,
8		6,7,9,		6,7,9,
9		7,8,		7,8,


Time = 13200000.000000
5		6,		6,
6		5,7,8,		5,7,8,
7		6,8,9,		6,8,9,
8		6,7,9,		6,7,9,
9		7,8,		7,8,


Time = 13250000.000000
5		6,		6,
6		5,7,8,		5,7,8,
7		6,8,9,		6,8,9,
8		6,7,9,		6,7,9,
9		7,8,		7,8,


Time = 13300000.000000
5		6,		6,
6		5,7,8,		5,7,8,
7		6,8,9,		6,8,9,
8		6,7,9,		6,7,9,
9		7,8,		7,8,


Time = 13350000.000000
5		6,		6,
6		5,7,8,		5,7,8,
7		6,8,9,		6,8,9,
8		6,7,9,		6,7,9,
9		7,8,		7,8,


Time = 13400000.000000
5		6,		6,
6		5,7,8,		5,7,8,
7		6,8,9,		6,8,9,
8		6,7,9,		6,7,9,
9		7,8,		7,8,


Time = 13450000.000000
5		6,		6,
6		5,7,8,		5,7,8,
7		6,8,9,		6,8,9,
8		6,7,9,		6,7,9,
9		7,8,		7,8,


Time = 13500000.000000
5		6,		6,
6		5,7,8,		5,7,8,
7		6,8,9,		6,8,9,
8		6,7,9,		6,7,9,
9		7,8,		7,8,


Time = 13550000.000000
5		6,		6,
6		5,7,8,		5,7,8,
7		6,8,9,		6,8,9,
8		6,7,9,		6,7,9,
9		7,8,		7,8,


Time = 13600000.000000
5		6,		6,
6		5,7,8,		5,7,8,
7		6,8,9,		6,8,9,
8		6,7,9,		6,7,9,
9		7,8,		7,8,


Time = 13650000.000000
5		6,		6,
6		5,7,8,		5,7,8,
7		6,8,9,		6,8,9,
8		6,7,9,		6,7,9,
9		7,8,		7,8,


Time = 13700000.000000
5		6,		6,
6		5,7,8,		5,7,8,
7		6,8,9,		6,8,9,
8		6,7,9,		6,7,9,
9		7,8,		7,8,


Time = 13750000.000000
5		6,		6,
6		5,7,8,		5,7,8,
7		6,8,9,		6,8,9,
8		6,7,9,		6,7,9,
9		7,8,		7,8,


Time = 13800000.000000
5		6,		6,
6		5,7,8,		5,7,8,
7		6,8,9,		6,8,9,
8		6,7,9,		6,7,9,
9		7,8,		7,8,


Time = 13850000.000000
5		6,		6,
6		5,7,8,		5,7,8,
7		6,8,9,		6,8,9,
8		6,7,9,		6,7,9,
9		7,8,		7,8,


Time = 13900000.000000
5		6,		6,
6		5,7,8,		5,7,8,
7		6,8,9,		6,8,9,
8		6,7,9,		6,7,9,
9		7,8,		7,8,


Time = 13950000.000000
5		6,		6,
6		5,7,8,		5,7,8,
7		6,8,9,		6,8,9,
8		6,7,9,		6,7,9,
9		7,8,		7,8,


Time = 14000000.000000
5		6,		6,
6		5,7,8,		5,7,8,
7		6,8,9,		6,8,9,
8		6,7,9,		6,7,9,
9		7,8,		7,8,


Time = 14050000.000000
5		6,		6,
6		5,7,8,		5,7,8,
7		6,8,9,		6,8,9,
8		6,7,9,		6,7,9,
9		7,8,		7,8,


Time = 14100000.000000
5		6,		6,
6		5,7,8,		5,7,8,
7		6,8,9,		6,8,9,
8		6,7,9,		6,7,9,
9		7,8,		7,8,


Time = 14150000.000000
5		6,		6,
6		5,7,8,		5,7,8,
7		6,8,9,		6,8,9,
8		6,7,9,		6,7,9,
9		7,8,		7,8,


Time = 14200000.000000
5		6,		6,
6		5,7,8,		5,7,8,
7		6,8,9,		6,8,9,
8		6,7,9,		6,7,9,
9		7,8,		7,8,


Time = 14250000.000000
5		6,		6,
6		5,7,8,		5,7,8,
7		6,8,9,		6,8,9,
8		6,7,9,		6,7,9,
9		7,8,		7,8,


Time = 14300000.000000
5		6,		6,
6		5,7,8,		5,7,8,
7		6,8,9,		6,8,9,
8		6,7,9,		6,7,9,
9		7,8,		7,8,


Time = 14350000.000000
5		6,		6,
6		5,7,8,		5,7,8,
7		6,8,9,		6,8,9,
8		6,7,9,		6,7,9,
9		7,8,		7,8,


Time = 14400000.000000
5		6,		6,
6		5,7,8,		5,7,8,
7		6,8,9,		6,8,9,
8		6,7,9,		6,7,9,
9		7,8,		7,8,


Time = 14450000.000000
5		6,		6,
6		5,7,8,		5,7,8,
7		6,8,9,		6,8,9,
8		6,7,9,		6,7,9,
9		7,8,		7,8,


Time = 14500000.000000
5		6,		6,
6		5,7,8,		5,7,8,
7		6,8,9,		6,8,9,
8		6,7,9,		6,7,9,
9		7,8,		7,8,


Time = 14550000.000000
5		6,		6,
6		5,7,8,		5,7,8,
7		6,8,9,		6,8,9,
8		6,7,9,		6,7,9,
9		7,8,		7,8,


Time = 14600000.000000
5		6,		6,
6		5,7,8,		5,7,8,
7		6,8,9,		6,8,9,
8		6,7,9,		6,7,9,
9		7,8,		7,8,


Time = 14650000.000000
5		6,		6,
6		5,7,8,		5,7,8,
7		6,8,9,		6,8,9,
8		6,7,9,		6,7,9,
9		7,8,		7,8,


Time = 14700000.000000
5		6,		6,
6		5,7,8,		5,7,8,
7		6,8,9,		6,8,9,
8		6,7,9,		6,7,9,
9		7,8,		7,8,


Time = 14750000.000000
5		6,		6,
6		5,7,8,		5,7,8,
7		6,8,9,		6,8,9,
8		6,7,9,		6,7,9,
9		7,8,		7,8,


Time = 14800000.000000
5		6,		6,
6		5,7,8,		5,7,8,
7		6,8,9,		6,8,9,
8		6,7,9,		6,7,9,
9		7,8,		7,8,


Time = 14850000.000000
5		6,		6,
6		5,7,8,		5,7,8,
7		6,8,9,		6,8,9,
8		6,7,9,		6,7,9,
9		7,8,		7,8,


Time = 14900000.000000
5		6,		6,
6		5,7,8,		5,7,8,
7		6,8,9,		6,8,9,
8		6,7,9,		6,7,9,
9		7,8,		7,8,


Time = 14950000.000000
5		6,		6,
6		5,7,8,		5,7,8,
7		6,8,9,		6,8,9,
8		6,7,9,		6,7,9,
9		7,8,		7,8,


Time = 15000000.000000
5		6,		6,
6		5,7,8,		5,7,8,
7		6,8,9,		6,8,9,
8		6,7,9,		6,7,9,
9		7,8,		7,8,


Time = 15050000.000000
5		6,		6,
6		5,7,8,		5,7,8,
7		6,8,9,		6,8,9,
8		6,7,9,		6,7,9,
9		7,8,		7,8,


Time = 15100000.000000
5		6,		6,
6		5,7,8,		5,7,8,
7		6,8,9,		6,8,9,
8		6,7,9,		6,7,9,
9		7,8,		7,8,


Time = 15150000.000000
5		6,		6,
6		5,7,8,		5,7,8,
7		6,8,9,		6,8,9,
8		6,7,9,		6,7,9,
9		7,8,		7,8,


Time = 15200000.000000
5		6,		6,
6		5,7,8,		5,7,8,
7		6,8,9,		6,8,9,
8		6,7,9,		6,7,9,
9		7,8,		7,8,


Time = 15250000.000000
5		6,		6,
6		5,7,8,		5,7,8,
7		6,8,9,		6,8,9,
8		6,7,9,		6,7,9,
9		7,8,		7,8,


Time = 15300000.000000
5		6,		6,
6		5,7,8,		5,7,8,
7		6,8,9,		6,8,9,
8		6,7,9,		6,7,9,
9		7,8,		7,8,


Time = 15350000.000000
5		6,		6,
6		5,7,8,		5,7,8,
7		6,8,9,		6,8,9,
8		6,7,9,		6,7,9,
9		7,8,		7,8,


Time = 15400000.000000
5		6,		6,
6		5,7,8,		5,7,8,
7		6,8,9,		6,8,9,
8		6,7,9,		6,7,9,
9		7,8,		7,8,


Time = 15450000.000000
5		6,		6,
6		5,7,8,		5,7,8,
7		6,8,9,		6,8,9,
8		6,7,9,		6,7,9,
9		7,8,		7,8,


Time = 15500000.000000
5		6,		6,
6		5,7,8,		5,7,8,
7		6,8,9,		6,8,9,
8		6,7,9,		6,7,9,
9		7,8,		7,8,


Time = 15550000.000000
5		6,		6,
6		5,7,8,		5,7,8,
7		6,8,9,		6,8,9,
8		6,7,9,		6,7,9,
9		7,8,		7,8,


Time = 15600000.000000
5		6,		6,
6		5,7,8,		5,7,8,
7		6,8,9,		6,8,9,
8		6,7,9,		6,7,9,
9		7,8,		7,8,


Time = 15650000.000000
5		6,		6,
6		5,7,8,		5,7,8,
7		6,8,9,		6,8,9,
8		6,7,9,		6,7,9,
9		7,8,		7,8,


Time = 15700000.000000
5		6,		6,
6		5,7,8,		5,7,8,
7		6,8,9,		6,8,9,
8		6,7,9,		6,7,9,
9		7,8,		7,8,


Time = 15750000.000000
5		6,		6,
6		5,7,8,		5,7,8,
7		6,8,9,		6,8,9,
8		6,7,9,		6,7,9,
9		7,8,		7,8,


Time = 15800000.000000
5		6,		6,
6		5,7,8,		5,7,8,
7		6,8,9,		6,8,9,
8		6,7,9,		6,7,9,
9		7,8,		7,8,


Time = 15850000.000000
5		6,		6,
6		5,7,8,		5,7,8,
7		6,8,9,		6,8,9,
8		6,7,9,		6,7,9,
9		7,8,		7,8,


Time = 15900000.000000
5		6,		6,
6		5,7,8,		5,7,8,
7		6,8,9,		6,8,9,
8		6,7,9,		6,7,9,
9		7,8,		7,8,


Time = 15950000.000000
5		6,		6,
6		5,7,8,		5,7,8,
7		6,8,9,		6,8,9,
8		6,7,9,		6,7,9,
9		7,8,		7,8,


Time = 16000000.000000
5		6,		6,
6		5,7,8,		5,7,8,
7		6,8,9,		6,8,9,
8		6,7,9,		6,7,9,
9		7,8,		7,8,


Time = 16050000.000000
5		6,		6,
6		5,7,8,		5,7,8,
7		6,8,9,		6,8,9,
8		6,7,9,		6,7,9,
9		7,8,		7,8,


Time = 16100000.000000
5		6,		6,
6		5,7,8,		5,7,8,
7		6,8,9,		6,8,9,
8		6,7,9,		6,7,9,
9		7,8,		7,8,


Time = 16150000.000000
5		6,		6,
6		5,7,8,		5,7,8,
7		6,8,9,		6,8,9,
8		6,7,9,		6,7,9,
9		7,8,		7,8,


Time = 16200000.000000
5		6,		6,
6		5,7,8,		5,7,8,
7		6,8,9,		6,8,9,
8		6,7,9,		6,7,9,
9		7,8,		7,8,


Time = 16250000.000000
5		6,		6,
6		5,7,8,		5,7,8,
7		6,8,9,		6,8,9,
8		6,7,9,		6,7,9,
9		7,8,		7,8,


Time = 16300000.000000
5		6,		6,
6		5,7,8,		5,7,8,
7		6,8,9,		6,8,9,
8		6,7,9,		6,7,9,
9		7,8,		7,8,


Time = 16350000.000000
5		6,		6,
6		5,7,8,		5,7,8,
7		6,8,9,		6,8,9,
8		6,7,9,		6,7,9,
9		7,8,		7,8,


Time = 16400000.000000
5		6,		6,
6		5,7,8,		5,7,8,
7		6,8,9,		6,8,9,
8		6,7,9,		6,7,9,
9		7,8,		7,8,


Time = 16450000.000000
5		6,		6,
6		5,7,8,		5,7,8,
7		6,8,9,		6,8,9,
8		6,7,9,		6,7,9,
9		7,8,		7,8,


Time = 16500000.000000
5		6,		6,
6		5,7,8,		5,7,8,
7		6,8,9,		6,8,9,
8		6,7,9,		6,7,9,
9		7,8,		7,8,


Time = 16550000.000000
5		6,		6,
6		5,7,8,		5,7,8,
7		6,8,9,		6,8,9,
8		6,7,9,		6,7,9,
9		7,8,		7,8,


Time = 16600000.000000
5		6,		6,
6		5,7,8,		5,7,8,
7		6,8,9,		6,8,9,
8		6,7,9,		6,7,9,
9		7,8,		7,8,


Time = 16650000.000000
5		6,		6,
6		5,7,8,		5,7,8,
7		6,8,9,		6,8,9,
8		6,7,9,		6,7,9,
9		7,8,		7,8,


Time = 16700000.000000
5		6,		6,
6		5,7,8,		5,7,8,
7		6,8,9,		6,8,9,
8		6,7,9,		6,7,9,
9		7,8,		7,8,


Time = 16750000.000000
5		6,		6,
6		5,7,8,		5,7,8,
7		6,8,9,		6,8,9,
8		6,7,9,		6,7,9,
9		7,8,		7,8,


Time = 16800000.000000
5		6,		6,
6		5,7,8,		5,7,8,
7		6,8,9,		6,8,9,
8		6,7,9,		6,7,9,
9		7,8,		7,8,


Time = 16850000.000000
5		6,		6,
6		5,7,8,		5,7,8,
7		6,8,9,		6,8,9,
8		6,7,9,		6,7,9,
9		7,8,		7,8,


Time = 16900000.000000
5		6,		6,
6		5,7,8,		5,7,8,
7		6,8,9,		6,8,9,
8		6,7,9,		6,7,9,
9		7,8,		7,8,


Time = 16950000.000000
5		6,		6,
6		5,7,8,		5,7,8,
7		6,8,9,		6,8,9,
8		6,7,9,		6,7,9,
9		7,8,		7,8,


Time = 17000000.000000
5		6,		6,
6		5,7,8,		5,7,8,
7		6,8,9,		6,8,9,
8		6,7,9,		6,7,9,
9		7,8,		7,8,


Time = 17050000.000000
5		6,		6,
6		5,7,8,		5,7,8,
7		6,8,9,		6,8,9,
8		6,7,9,		6,7,9,
9		7,8,		7,8,


Time = 17100000.000000
5		6,		6,
6		5,7,8,		5,7,8,
7		6,8,9,		6,8,9,
8		6,7,9,		6,7,9,
9		7,8,		7,8,


Time = 17150000.000000
5		6,		6,
6		5,7,8,		5,7,8,
7		6,8,9,		6,8,9,
8		6,7,9,		6,7,9,
9		7,8,		7,8,


Time = 17200000.000000
5		6,		6,
6		5,7,8,		5,7,8,
7		6,8,9,		6,8,9,
8		6,7,9,		6,7,9,
9		7,8,		7,8,


Time = 17250000.000000
5		6,		6,
6		5,7,8,		5,7,8,
7		6,8,9,		6,8,9,
8		6,7,9,		6,7,9,
9		7,8,		7,8,


Time = 17300000.000000
5		6,		6,
6		5,7,8,		5,7,8,
7		6,8,9,		6,8,9,
8		6,7,9,		6,7,9,
9		7,8,		7,8,


Time = 17350000.000000
5		6,		6,
6		5,7,8,		5,7,8,
7		6,8,9,		6,8,9,
8		6,7,9,		6,7,9,
9		7,8,		7,8,


Time = 17400000.000000
5		6,		6,
6		5,7,8,		5,7,8,
7		6,8,9,		6,8,9,
8		6,7,9,		6,7,9,
9		7,8,		7,8,


Time = 17450000.000000
5		6,		6,
6		5,7,8,		5,7,8,
7		6,8,9,		6,8,9,
8		6,7,9,		6,7,9,
9		7,8,		7,8,


Time = 17500000.000000
5		6,		6,
6		5,7,8,		5,7,8,
7		6,8,9,		6,8,9,
8		6,7,9,		6,7,9,
9		7,8,		7,8,


Time = 17550000.000000
5		6,		6,
6		5,7,8,		5,7,8,
7		6,8,9,		6,8,9,
8		6,7,9,		6,7,9,
9		7,8,		7,8,


Time = 17600000.000000
5		6,		6,
6		5,7,8,		5,7,8,
7		6,8,9,		6,8,9,
8		6,7,9,		6,7,9,
9		7,8,		7,8,


Time = 17650000.000000
5		6,		6,
6		5,7,8,		5,7,8,
7		6,8,9,		6,8,9,
8		6,7,9,		6,7,9,
9		7,8,		7,8,


Time = 17700000.000000
5		6,		6,
6		5,7,8,		5,7,8,
7		6,8,9,		6,8,9,
8		6,7,9,		6,7,9,
9		7,8,		7,8,


Time = 17750000.000000
5		6,		6,
6		5,7,8,		5,7,8,
7		6,8,9,		6,8,9,
8		6,7,9,		6,7,9,
9		7,8,		7,8,


Time = 17800000.000000
5		6,		6,
6		5,7,8,		5,7,8,
7		6,8,9,		6,8,9,
8		6,7,9,		6,7,9,
9		7,8,		7,8,


Time = 17850000.000000
5		6,		6,
6		5,7,8,		5,7,8,
7		6,8,9,		6,8,9,
8		6,7,9,		6,7,9,
9		7,8,		7,8,


Time = 17900000.000000
5		6,		6,
6		5,7,8,		5,7,8,
7		6,8,9,		6,8,9,
8		6,7,9,		6,7,9,
9		7,8,		7,8,


Time = 17950000.000000
5		6,		6,
6		5,7,8,		5,7,8,
7		6,8,9,		6,8,9,
8		6,7,9,		6,7,9,
9		7,8,		7,8,


Time = 18000000.000000
5		6,		6,
6		5,7,8,		5,7,8,
7		6,8,9,		6,8,9,
8		6,7,9,		6,7,9,
9		7,8,		7,8,


Time = 18050000.000000
5		6,		6,
6		5,7,8,		5,7,8,
7		6,8,9,		6,8,9,
8		6,7,9,		6,7,9,
9		7,8,		7,8,


Time = 18100000.000000
5		6,		6,
6		5,7,8,		5,7,8,
7		6,8,9,		6,8,9,
8		6,7,9,		6,7,9,
9		7,8,		7,8,


Time = 18150000.000000
5		6,		6,
6		5,7,8,		5,7,8,
7		6,8,9,		6,8,9,
8		6,7,9,		6,7,9,
9		7,8,		7,8,


Time = 18200000.000000
5		6,		6,
6		5,7,8,		5,7,8,
7		6,8,9,		6,8,9,
8		6,7,9,		6,7,9,
9		7,8,		7,8,


Time = 18250000.000000
5		6,		6,
6		5,7,8,		5,7,8,
7		6,8,9,		6,8,9,
8		6,7,9,		6,7,9,
9		7,8,		7,8,


Time = 18300000.000000
5		6,		6,
6		5,7,8,		5,7,8,
7		6,8,9,		6,8,9,
8		6,7,9,		6,7,9,
9		7,8,		7,8,


Time = 18350000.000000
5		6,		6,
6		5,7,8,		5,7,8,
7		6,8,9,		6,8,9,
8		6,7,9,		6,7,9,
9		7,8,		7,8,


Time = 18400000.000000
5		6,		6,
6		5,7,8,		5,7,8,
7		6,8,9,		6,8,9,
8		6,7,9,		6,7,9,
9		7,8,		7,8,


Time = 18450000.000000
5		6,		6,
6		5,7,8,		5,7,8,
7		6,8,9,		6,8,9,
8		6,7,9,		6,7,9,
9		7,8,		7,8,


Time = 18500000.000000
5		6,		6,
6		5,7,8,		5,7,8,
7		6,8,9,		6,8,9,
8		6,7,9,		6,7,9,
9		7,8,		7,8,


Time = 18550000.000000
5		6,		6,
6		5,7,8,		5,7,8,
7		6,8,9,		6,8,9,
8		6,7,9,		6,7,9,
9		7,8,		7,8,


Time = 18600000.000000
5		6,		6,
6		5,7,8,		5,7,8,
7		6,8,9,		6,8,9,
8		6,7,9,		6,7,9,
9		7,8,		7,8,


Time = 18650000.000000
5		6,		6,
6		5,7,8,		5,7,8,
7		6,8,9,		6,8,9,
8		6,7,9,		6,7,9,
9		7,8,		7,8,


Time = 18700000.000000
5		6,		6,
6		5,7,8,		5,7,8,
7		6,8,9,		6,8,9,
8		6,7,9,		6,7,9,
9		7,8,		7,8,


Time = 18750000.000000
5		6,		6,
6		5,7,8,		5,7,8,
7		6,8,9,		6,8,9,
8		6,7,9,		6,7,9,
9		7,8,		7,8,


Time = 18800000.000000
5		6,		6,
6		5,7,8,		5,7,8,
7		6,8,9,		6,8,9,
8		6,7,9,		6,7,9,
9		7,8,		7,8,


Time = 18850000.000000
5		6,		6,
6		5,7,8,		5,7,8,
7		6,8,9,		6,8,9,
8		6,7,9,		6,7,9,
9		7,8,		7,8,


Time = 18900000.000000
5		6,		6,
6		5,7,8,		5,7,8,
7		6,8,9,		6,8,9,
8		6,7,9,		6,7,9,
9		7,8,		7,8,


Time = 18950000.000000
5		6,		6,
6		5,7,8,		5,7,8,
7		6,8,9,		6,8,9,
8		6,7,9,		6,7,9,
9		7,8,		7,8,


